  0   0   0   0   0   0   0   0   0   0   0   0   0   0   0   0
  0 104 104 104 104 104 104  52  52 104 104 104 104 104 104   0
  0 104  78  52  52  52 104  52  52 104 104  78 104 104 104   0
  0 104 104  52  78  78 104  52  52 104  78   0  26 104 104   0
  0 104 104  78  52 104 104  52  52 104  26   0   0  78 104   0
  0 104  78  26  52  26 104  52  52 104 104  26  78 104 104   0
  0 104 104 104 104 104 104  52  52 104 104 104 104 104 104   0
  0  52  52  52  52  52  52  26  26  52  52  52  52  52  52   0
  0  52  52  52  52  52  52  26  26  52  52  52  52  52  52   0
  0 104 104 104 104 104 104  52  52 104 104 104 104 104 104   0
  0 104 104  78  26 104 104  52  52 104  26  52  26  78 104   0
  0 104  78   0   0  26 104  52  52 104 104  52  78 104 104   0
  0 104 104  26   0  78 104  52  52 104  78  78  52 104 104   0
  0 104 104 104  78 104 104  52  52 104  52  52  52  78 104   0
  0 104 104 104 104 104 104  52  52 104 104 104 104 104 104   0
  0   0   0   0   0   0   0   0   0   0   0   0   0   0   0   0
  0   0   0   0   0   0   0   0   0   0   0   0   0   0   0   0
  0 205 205 205 205 205 205 102 102 205 205 205 205 205 205   0
  0 205 168 130 130 130 205 102 102 205 205 168 205 205 205   0
  0 205 205 130 168 168 205 102 102 205 168  81  93 205 205   0
  0 205 205 168 130 205 205 102 102 205  93 132  81 168 205   0
  0 205 168  93 130  93 205 102 102 205 205  93 168 205 205   0
  0 205 205 205 205 205 205 102 102 205 205 205 205 205 205   0
  0 102 102 102 102 102 102  51  51 102 102 102 102 102 102   0
  0 102 102 102 102 102 102  51  51 102 102 102 102 102 102   0
  0 205 205 205 205 205 205 102 102 205 205 205 205 205 205   0
  0 205 205 168  93 205 205 102 102 205  93 130  93 168 205   0
  0 205 168  81 132  93 205 102 102 205 205 130 168 205 205   0
  0 205 205  93  81 168 205 102 102 205 168 168 130 205 205   0
  0 205 205 205 168 205 205 102 102 205 130 130 130 168 205   0
  0 205 205 205 205 205 205 102 102 205 205 205 205 205 205   0
  0   0   0   0   0   0   0   0   0   0   0   0   0   0   0   0
166 166 166 166 166 166 166 166 166 166 166 166 166 166 166 166
166 252 252 252 252 252 252 209 209 252 252 252 252 252 252 166
166 252 231 210 210 210 252 209 209 252 252 231 252 252 252 166
166 252 252 210 231 231 252 209 209 252 231 136 189 252 252 166
166 252 252 231 210 252 252 209 209 252 189  72 136 231 252 166
166 252 231 189 210 189 252 209 209 252 252 189 231 252 252 166
166 252 252 252 252 252 252 209 209 252 252 252 252 252 252 166
166 209 209 209 209 209 209 187 187 209 209 209 209 209 209 166
166 209 209 209 209 209 209 187 187 209 209 209 209 209 209 166
166 252 252 252 252 252 252 209 209 252 252 252 252 252 252 166
166 252 252 231 189 252 252 209 209 252 189 210 189 231 252 166
166 252 231 136  72 189 252 209 209 252 252 210 231 252 252 166
166 252 252 189 136 231 252 209 209 252 231 231 210 252 252 166
166 252 252 252 231 252 252 209 209 252 210 210 210 231 252 166
166 252 252 252 252 252 252 209 209 252 252 252 252 252 252 166
166 166 166 166 166 166 166 166 166 166 166 166 166 166 166 166

  0   0   0   0   0   0   0   0   0   0   0   0   0   0   0   0
  0 104 104 104 104 104 104  52  52 104 104 104 104 104 104   0
  0 104 104 104  78 104 104  52  52 104  78 104 104  78 104   0
  0 104 104  26   0  78 104  52  52 104  26  78  52  52 104   0
  0 104  78   0   0  26 104  52  52 104  52  52  78  52 104   0
  0 104 104  78  26 104 104  52  52 104  26 104  78  52 104   0
  0 104 104 104 104 104 104  52  52 104 104 104 104 104 104   0
  0  52  52  52  52  52  52  26  26  52  52  52  52  52  52   0
  0  52  52  52  52  52  52  26  26  52  52  52  52  52  52   0
  0 104 104 104 104 104 104  52  52 104 104 104 104 104 104   0
  0 104  52  78 104  26 104  52  52 104 104  26  78 104 104   0
  0 104  52  78  52  52 104  52  52 104  26   0   0  78 104   0
  0 104  52  52  78  26 104  52  52 104  78   0  26 104 104   0
  0 104  78 104 104  78 104  52  52 104 104  78 104 104 104   0
  0 104 104 104 104 104 104  52  52 104 104 104 104 104 104   0
  0   0   0   0   0   0   0   0   0   0   0   0   0   0   0   0
  0   0   0   0   0   0   0   0   0   0   0   0   0   0   0   0
  0 205 205 205 205 205 205 102 102 205 205 205 205 205 205   0
  0 205 205 205 168 205 205 102 102 205 168 205 205 168 205   0
  0 205 205  93  81 168 205 102 102 205  93 168 130 130 205   0
  0 205 168  81 132  93 205 102 102 205 130 130 168 130 205   0
  0 205 205 168  93 205 205 102 102 205  93 205 168 130 205   0
  0 205 205 205 205 205 205 102 102 205 205 205 205 205 205   0
  0 102 102 102 102 102 102  51  51 102 102 102 102 102 102   0
  0 102 102 102 102 102 102  51  51 102 102 102 102 102 102   0
  0 205 205 205 205 205 205 102 102 205 205 205 205 205 205   0
  0 205 130 168 205  93 205 102 102 205 205  93 168 205 205   0
  0 205 130 168 130 130 205 102 102 205  93 132  81 168 205   0
  0 205 130 130 168  93 205 102 102 205 168  81  93 205 205   0
  0 205 168 205 205 168 205 102 102 205 205 168 205 205 205   0
  0 205 205 205 205 205 205 102 102 205 205 205 205 205 205   0
  0   0   0   0   0   0   0   0   0   0   0   0   0   0   0   0
166 166 166 166 166 166 166 166 166 166 166 166 166 166 166 166
166 252 252 252 252 252 252 209 209 252 252 252 252 252 252 166
166 252 252 252 231 252 252 209 209 252 231 252 252 231 252 166
166 252 252 189 136 231 252 209 209 252 189 231 210 210 252 166
166 252 231 136  72 189 252 209 209 252 210 210 231 210 252 166
166 252 252 231 189 252 252 209 209 252 189 252 231 210 252 166
166 252 252 252 252 252 252 209 209 252 252 252 252 252 252 166
166 209 209 209 209 209 209 187 187 209 209 209 209 209 209 166
166 209 209 209 209 209 209 187 187 209 209 209 209 209 209 166
166 252 252 252 252 252 252 209 209 252 252 252 252 252 252 166
166 252 210 231 252 189 252 209 209 252 252 189 231 252 252 166
166 252 210 231 210 210 252 209 209 252 189  72 136 231 252 166
166 252 210 210 231 189 252 209 209 252 231 136 189 252 252 166
166 252 231 252 252 231 252 209 209 252 252 231 252 252 252 166
166 252 252 252 252 252 252 209 209 252 252 252 252 252 252 166
166 166 166 166 166 166 166 166 166 166 166 166 166 166 166 166

  0   0   0   0   0   0   0   0   0   0   0   0   0   0   0   0
  0 104 104 104 104 104 104  52  52 104 104 104 104 104 104   0
  0 104  78  52  52  52 104  52  52 104 104  78 104 104 104   0
  0 104 104  52  78  78 104  52  52 104  78   0  26 104 104   0
  0 104 104  78  52 104 104  52  52 104  26   0   0  78 104   0
  0 104  78  26  52  26 104  52  52 104 104  26  78 104 104   0
  0 104 104 104 104 104 104  52  52 104 104 104 104 104 104   0
  0  52  52  52  52  52  52  26  26  52  52  52  52  52  52   0
  0  52  52  52  52  52  52  26  26  52  52  52  52  52  52   0
  0 104 104 104 104 104 104  52  52 104 104 104 104 104 104   0
  0 104 104  78  26 104 104  52  52 104  26  52  26  78 104   0
  0 104  78   0   0  26 104  52  52 104 104  52  78 104 104   0
  0 104 104  26   0  78 104  52  52 104  78  78  52 104 104   0
  0 104 104 104  78 104 104  52  52 104  52  52  52  78 104   0
  0 104 104 104 104 104 104  52  52 104 104 104 104 104 104   0
  0   0   0   0   0   0   0   0   0   0   0   0   0   0   0   0
  0   0   0   0   0   0   0   0   0   0   0   0   0   0   0   0
  0 205 205 205 205 205 205 102 102 205 205 205 205 205 205   0
  0 205 167 130 130 130 205 102 102 205 205 167 205 205 205   0
  0 205 205 130 167 167 205 102 102 205 167  81  93 205 205   0
  0 205 205 167 130 205 205 102 102 205  93 131  81 167 205   0
  0 205 167  93 130  93 205 102 102 205 205  93 167 205 205   0
  0 205 205 205 205 205 205 102 102 205 205 205 205 205 205   0
  0 102 102 102 102 102 102  51  51 102 102 102 102 102 102   0
  0 102 102 102 102 102 102  51  51 102 102 102 102 102 102   0
  0 205 205 205 205 205 205 102 102 205 205 205 205 205 205   0
  0 205 205 167  93 205 205 102 102 205  93 130  93 167 205   0
  0 205 167  81 131  93 205 102 102 205 205 130 167 205 205   0
  0 205 205  93  81 167 205 102 102 205 167 167 130 205 205   0
  0 205 205 205 167 205 205 102 102 205 130 130 130 167 205   0
  0 205 205 205 205 205 205 102 102 205 205 205 205 205 205   0
  0   0   0   0   0   0   0   0   0   0   0   0   0   0   0   0
166 166 166 166 166 166 166 166 166 166 166 166 166 166 166 166
166 252 252 252 252 252 252 209 209 252 252 252 252 252 252 166
166 252 231 210 210 210 252 209 209 252 252 231 252 252 252 166
166 252 252 210 231 231 252 209 209 252 231 136 189 252 252 166
166 252 252 231 210 252 252 209 209 252 189  72 136 231 252 166
166 252 231 189 210 189 252 209 209 252 252 189 231 252 252 166
166 252 252 252 252 252 252 209 209 252 252 252 252 252 252 166
166 209 209 209 209 209 209 187 187 209 209 209 209 209 209 166
166 209 209 209 209 209 209 187 187 209 209 209 209 209 209 166
166 252 252 252 252 252 252 209 209 252 252 252 252 252 252 166
166 252 252 231 189 252 252 209 209 252 189 210 189 231 252 166
166 252 231 136  72 189 252 209 209 252 252 210 231 252 252 166
166 252 252 189 136 231 252 209 209 252 231 231 210 252 252 166
166 252 252 252 231 252 252 209 209 252 210 210 210 231 252 166
166 252 252 252 252 252 252 209 209 252 252 252 252 252 252 166
166 166 166 166 166 166 166 166 166 166 166 166 166 166 166 166

  0   0   0   0   0   0   0   0   0   0   0   0   0   0   0   0
  0 104 104 104 104 104 104  52  52 104 104 104 104 104 104   0
  0 104 104 104  78 104 104  52  52 104  78 104 104  78 104   0
  0 104 104  26   0  78 104  52  52 104  26  78  52  52 104   0
  0 104  78   0   0  26 104  52  52 104  52  52  78  52 104   0
  0 104 104  78  26 104 104  52  52 104  26 104  78  52 104   0
  0 104 104 104 104 104 104  52  52 104 104 104 104 104 104   0
  0  52  52  52  52  52  52  26  26  52  52  52  52  52  52   0
  0  52  52  52  52  52  52  26  26  52  52  52  52  52  52   0
  0 104 104 104 104 104 104  52  52 104 104 104 104 104 104   0
  0 104  52  78 104  26 104  52  52 104 104  26  78 104 104   0
  0 104  52  78  52  52 104  52  52 104  26   0   0  78 104   0
  0 104  52  52  78  26 104  52  52 104  78   0  26 104 104   0
  0 104  78 104 104  78 104  52  52 104 104  78 104 104 104   0
  0 104 104 104 104 104 104  52  52 104 104 104 104 104 104   0
  0   0   0   0   0   0   0   0   0   0   0   0   0   0   0   0
  0   0   0   0   0   0   0   0   0   0   0   0   0   0   0   0
  0 205 205 205 205 205 205 102 102 205 205 205 205 205 205   0
  0 205 205 205 167 205 205 102 102 205 167 205 205 167 205   0
  0 205 205  93  81 167 205 102 102 205  93 167 130 130 205   0
  0 205 167  81 131  93 205 102 102 205 130 130 167 130 205   0
  0 205 205 167  93 205 205 102 102 205  93 205 167 130 205   0
  0 205 205 205 205 205 205 102 102 205 205 205 205 205 205   0
  0 102 102 102 102 102 102  51  51 102 102 102 102 102 102   0
  0 102 102 102 102 102 102  51  51 102 102 102 102 102 102   0
  0 205 205 205 205 205 205 102 102 205 205 205 205 205 205   0
  0 205 130 167 205  93 205 102 102 205 205  93 167 205 205   0
  0 205 130 167 130 130 205 102 102 205  93 131  81 167 205   0
  0 205 130 130 167  93 205 102 102 205 167  81  93 205 205   0
  0 205 167 205 205 167 205 102 102 205 205 167 205 205 205   0
  0 205 205 205 205 205 205 102 102 205 205 205 205 205 205   0
  0   0   0   0   0   0   0   0   0   0   0   0   0   0   0   0
166 166 166 166 166 166 166 166 166 166 166 166 166 166 166 166
166 252 252 252 252 252 252 209 209 252 252 252 252 252 252 166
166 252 252 252 231 252 252 209 209 252 231 252 252 231 252 166
166 252 252 189 136 231 252 209 209 252 189 231 210 210 252 166
166 252 231 136  72 189 252 209 209 252 210 210 231 210 252 166
166 252 252 231 189 252 252 209 209 252 189 252 231 210 252 166
166 252 252 252 252 252 252 209 209 252 252 252 252 252 252 166
166 209 209 209 209 209 209 187 187 209 209 209 209 209 209 166
166 209 209 209 209 209 209 187 187 209 209 209 209 209 209 166
166 252 252 252 252 252 252 209 209 252 252 252 252 252 252 166
166 252 210 231 252 189 252 209 209 252 252 189 231 252 252 166
166 252 210 231 210 210 252 209 209 252 189  72 136 231 252 166
166 252 210 210 231 189 252 209 209 252 231 136 189 252 252 166
166 252 231 252 252 231 252 209 209 252 252 231 252 252 252 166
166 252 252 252 252 252 252 209 209 252 252 252 252 252 252 166
166 166 166 166 166 166 166 166 166 166 166 166 166 166 166 166
